The process took 46.989967823028564 seconds
The first 30 alphebetical words
'aa'  [2258, 2258, 2259, 2259, 4883, 4942, 12154, 12155, 12155, 12155, 12156, 12156, 12157, 12159, 12159, 12163, 12165, 12169, 12170, 12171, 12171, 12171, 12172, 12172, 12173, 12173, 12174, 12174, 12175, 12175, 12175, 12176, 12176, 12176, 12177, 12177, 12177, 12177, 12177, 12183, 12184, 12184, 12185, 12185, 12186, 12186, 12186, 12186, 12186, 12186, 12186, 12186, 12186, 12186, 12187, 12188, 12188, 12188, 12190, 12190, 12191, 12192, 12192, 12192, 12193, 12193, 12193, 12193, 12193, 12193, 12193, 12193, 12193, 12193, 12193, 12193, 12194, 12194, 12195, 12195, 12195, 12195, 12195, 12195, 12196, 12196, 12196, 12196, 12196, 12196, 12197, 12197, 12197, 12198, 12198, 12198, 12198, 12199, 12199, 12199, 12199, 12201, 12202, 12203, 12203, 12203, 12203, 12204, 12204, 12204, 12205, 12205, 12205, 12206, 12206, 12207, 12207, 12207, 12207, 12208, 12208, 12208, 12208, 12209, 12210, 12210, 12211, 12212, 12213, 12213, 12214, 12216, 12216, 12217, 12217, 12218, 12219, 12220, 12220, 12220, 12221, 12222, 12222, 12222, 12223, 12225, 12225, 12226, 12226, 12226, 12226, 12227, 12228, 12231, 12234, 12236, 12237, 12670, 12674, 12833, 14904, 14907, 14910, 14910, 14915, 14917, 16676, 16676, 16677, 16680, 16682, 16683, 16684, 16846, 16959, 21045, 23003, 24119, 27136, 27474, 28045, 28045, 31657, 33863, 45600, 51938, 60864, 60864, 63125, 64955, 67404, 67421, 68392, 71059, 71079, 81311, 91299, 91479, 93966, 97814]
'aaa'  [681, 682, 1706, 6058, 8963, 16716, 19249, 21362, 21939, 24119, 27136, 33695, 52024, 67657, 68392, 79441, 79615, 82932, 82932, 82932, 83709, 88796, 88797, 88842, 88842, 91298, 94114, 94127]
'aaaa'  [71039]
'aaaaaa'  [963, 9927, 17241, 18285, 21640, 22406, 23362, 31726, 35657, 47219, 52655, 68762, 70070, 70401, 70430, 80010, 91260, 91770, 91836, 91849, 92334, 92583]
'aaaaaah'  [21394]
'aaaaargh'  [71051]
'aaaaff'  [43491]
'aaababbb'  [83150]
'aaabbbcccmath'  [83157]
'aaabboldsymbol'  [83157]
'aaaboldsymbol'  [83157]
'aaai'  [50961, 50969, 50971, 50971, 50978]
'aaan'  [85032]
'aaas'  [19477, 19481, 19482, 19483, 19483, 68955]
'aab'  [79003]
'aababb'  [83150]
'aababbmath'  [83150]
'aabbccmath'  [83156]
'aabboldsymbol'  [83157]
'aabehlpt'  [71079]
'aaboldsymbol'  [83156, 83157]
'aac'  [94127]
'aaca'  [6229, 6230]
'aacca'  [49843]
'aaccording'  [14061]
'aachen'  [8614, 8615, 8616, 8618, 8618, 8619, 8621, 8622, 8622, 8623, 38929, 81434]
'aacr'  [91994, 92056]
'aacs'  [78645, 78645]
'aacvd'  [44893]
'aad'  [47069, 47076]
